# Li6PS5I 0p [1, 2, 3, 4]
actual_conductivity: 202.31166414078507
actual_diffusivity: 2.417399629722293e-06
actual_max_displacement: 5.73187068832644
disorder: 0p
inherent_conductivity: 205.276879675948
inherent_diffusivity: 2.4528306611815643e-06
inherent_max_displacement: 4.857291739988184
runs: [1, 2, 3, 4]
system: Li6PS5I
