# Li6PS5Cl 0p [1, 2, 3]
actual_conductivity: 398.8873360384544
actual_diffusivity: 4.682334101771196e-06
actual_max_displacement: 5.907779331448336
disorder: 0p
inherent_conductivity: 403.43682540130305
inherent_diffusivity: 4.73573822685793e-06
inherent_max_displacement: 5.23076457528213
runs: [1, 2, 3]
system: Li6PS5Cl
