# Li6PS5Cl 100p [1, 2, 3]
actual_conductivity: 430.2045205277916
actual_diffusivity: 5.049915433861276e-06
actual_max_displacement: 8.639774279210934
disorder: 100p
inherent_conductivity: 440.1850452752852
inherent_diffusivity: 5.167070887966148e-06
inherent_max_displacement: 8.130337257796226
runs: [1, 2, 3]
system: Li6PS5Cl
